0.2727478800717827
0.08368724400696852
0.06276160702490441
0.055085149758002334
0.05103597214059604
0.04727367564197391
0.0459456046295288
0.04504249371169016
0.043069434149757675
0.04193642421546952
0.041982683002986874
0.04072123341014623
0.03989568366037915
0.0394209792261081
0.03957221152075111
0.03998966909030362
0.038843733075139164
0.03909920519003478
0.03764755690894316
0.03815758038702828
0.03811441072503395
0.03719297830787156
0.03749728974555155
0.03695046538701448
0.03663691499596819
0.0370185438381589
0.03637460927905329
0.036739889646658815
0.03663423778894155
0.03625834917130373
0.03640345156269
0.035708816445735106
0.03579332904837778
0.03615381100865276
0.03601186234704064
0.035676090608891625
0.03607737723633152
0.036057640472069726
0.035859283907791535
0.03524932748807208
