0.09964034444233502
0.03290783574999268
0.027859310351455134
0.024839591274637658
0.02387024165748724
0.02292065428836005
0.02188416821226827
0.02109911097789497
0.02087785766672478
0.020065984714514158
0.019873014246143385
0.019622082718765175
0.01910584473382753
0.019210557095897095
0.018627692152982326
0.018677979108017644
0.018403278562480578
0.018465064597059922
0.01787830086182684
0.017811108070777168
0.01792915736926771
0.017907653913410232
0.017449296294038356
0.01753812485626702
0.017379456302965248
0.017448905613154236
0.017255821078618578
0.017236421512229354
0.017019737932854877
0.01711474353078205
0.017077170234959898
0.017010745870422072
0.01667102928489828
0.017013001875248925
0.016789233582074455
0.01649043094049067
0.016511942265924614
0.016531998893297685
0.016431330238530505
0.016412726984714774
